function y3 = fu3(x);
y3= 0.025.*x.^5-0.0625.*x.^4-0.333.*x.^3 + x.^2;
