x=9;
y=(4*x)^2/25
