 x=30;
 y=7*x^(1/3)+4*x^0.58
