B=[2,4,20,13;16,3,7,18;8,4,9,25;3,12,15,17];
A=[B;B']
A(5,3)
[x,k]=max()